1 1 1 --  
30.00 1 1 --  
2 29.00 1 --  
1 3 322.00 --  
1 2 1 --  
30.00 1 2 --  
2 23.00 1 --  
2 3 318.00 --  
1 3 1 --  
28.00 1 3 --  
2 19.00 1 --  
3 3 329.00 --  
1 4 1 --  
15.00 1 4 --  
2 18.00 1 --  
4 3 319.00 --  
1 5 1 --  
15.00 1 5 --  
2 13.00 1 --  
5 3 321.00 --  
1 6 1 --  
12.00 1 6 --  
2 18.00 1 --  
6 3 318.00 --  
1 7 1 --  
13.00 1 7 --  
2 28.00 1 --  
7 3 320.00 --  
1 8 1 --  
25.00 1 8 --  
2 20.00 1 --  
8 3 320.00 --  
1 9 1 --  
24.00 1 9 --  
2 30.00 1 --  
9 3 322.00 --  
1 10 1 --  
2 13.00 1 --  
10 3 315.00 --  
1 11 1 --  
2 14.00 1 --  
11 3 321.00 --  
1 12 1 --  
2 29.00 1 --  
12 3 328.00 --  
1 13 1 --  
2 27.00 1 --  
13 3 322.00 --  
1 14 1 --  
2 14.00 1 --  
14 3 319.00 --  
1 15 1 --  
2 29.00 1 --  
15 3 325.00 --  
1 16 1 --  
2 20.00 1 --  
16 3 312.00 --  
1 17 1 --  
2 24.00 1 --  
17 3 327.00 --  
1 18 1 --  
2 28.00 1 --  
18 3 327.00 --  
1 19 1 --  
2 25.00 1 --  
19 3 321.00 --  
1 20 1 --  
2 28.00 1 --  
20 3 325.00 --  
1 21 1 --  
2 14.00 1 --  
21 3 322.00 --  
1 22 1 --  
2 25.00 1 --  
22 3 316.00 --  
1 23 1 --  
2 24.00 1 --  
23 3 330.00 --  
1 24 1 --  
2 18.00 1 --  
24 3 327.00 --  
2 1 1 --  
13.00 2 1 --  
2 10.00 2 --  
1 3 329.00 --  
2 2 1 --  
10.00 2 2 --  
2 10.00 2 --  
2 3 324.00 --  
2 3 1 --  
26.00 2 3 --  
2 28.00 2 --  
3 3 321.00 --  
2 4 1 --  
15.00 2 4 --  
2 22.00 2 --  
4 3 313.00 --  
2 5 1 --  
27.00 2 5 --  
2 18.00 2 --  
5 3 327.00 --  
2 6 1 --  
13.00 2 6 --  
2 30.00 2 --  
6 3 313.00 --  
2 7 1 --  
18.00 2 7 --  
2 18.00 2 --  
7 3 327.00 --  
2 8 1 --  
20.00 2 8 --  
2 13.00 2 --  
8 3 311.00 --  
2 9 1 --  
21.00 2 9 --  
2 20.00 2 --  
9 3 314.00 --  
2 10 1 --  
2 15.00 2 --  
10 3 316.00 --  
2 11 1 --  
2 30.00 2 --  
11 3 314.00 --  
2 12 1 --  
2 23.00 2 --  
12 3 317.00 --  
2 13 1 --  
2 14.00 2 --  
13 3 312.00 --  
2 14 1 --  
2 15.00 2 --  
14 3 330.00 --  
2 15 1 --  
2 24.00 2 --  
15 3 318.00 --  
2 16 1 --  
2 29.00 2 --  
16 3 330.00 --  
2 17 1 --  
2 18.00 2 --  
17 3 310.00 --  
2 18 1 --  
2 30.00 2 --  
18 3 328.00 --  
2 19 1 --  
2 24.00 2 --  
19 3 327.00 --  
2 20 1 --  
2 28.00 2 --  
20 3 330.00 --  
2 21 1 --  
2 18.00 2 --  
21 3 330.00 --  
2 22 1 --  
2 12.00 2 --  
22 3 314.00 --  
2 23 1 --  
2 15.00 2 --  
23 3 317.00 --  
2 24 1 --  
2 18.00 2 --  
24 3 327.00 --  
3 1 1 --  
24.00 3 1 --  
2 30.00 3 --  
1 3 314.00 --  
3 2 1 --  
24.00 3 2 --  
2 29.00 3 --  
2 3 312.00 --  
3 3 1 --  
15.00 3 3 --  
2 11.00 3 --  
3 3 314.00 --  
3 4 1 --  
28.00 3 4 --  
2 20.00 3 --  
4 3 320.00 --  
3 5 1 --  
11.00 3 5 --  
2 21.00 3 --  
5 3 310.00 --  
3 6 1 --  
25.00 3 6 --  
2 17.00 3 --  
6 3 311.00 --  
3 7 1 --  
10.00 3 7 --  
2 18.00 3 --  
7 3 324.00 --  
3 8 1 --  
15.00 3 8 --  
2 20.00 3 --  
8 3 317.00 --  
3 9 1 --  
21.00 3 9 --  
2 16.00 3 --  
9 3 316.00 --  
3 10 1 --  
2 15.00 3 --  
10 3 321.00 --  
3 11 1 --  
2 18.00 3 --  
11 3 328.00 --  
3 12 1 --  
2 19.00 3 --  
12 3 329.00 --  
3 13 1 --  
2 10.00 3 --  
13 3 320.00 --  
3 14 1 --  
2 17.00 3 --  
14 3 321.00 --  
3 15 1 --  
2 13.00 3 --  
15 3 312.00 --  
3 16 1 --  
2 24.00 3 --  
16 3 310.00 --  
3 17 1 --  
2 24.00 3 --  
17 3 324.00 --  
3 18 1 --  
2 30.00 3 --  
18 3 315.00 --  
3 19 1 --  
2 12.00 3 --  
19 3 313.00 --  
3 20 1 --  
2 18.00 3 --  
20 3 324.00 --  
3 21 1 --  
2 10.00 3 --  
21 3 330.00 --  
3 22 1 --  
2 21.00 3 --  
22 3 316.00 --  
3 23 1 --  
2 27.00 3 --  
23 3 322.00 --  
3 24 1 --  
2 12.00 3 --  
24 3 327.00 --  
4 1 1 --  
19.00 4 1 --  
2 24.00 4 --  
1 3 316.00 --  
4 2 1 --  
11.00 4 2 --  
2 23.00 4 --  
2 3 325.00 --  
4 3 1 --  
25.00 4 3 --  
2 12.00 4 --  
3 3 311.00 --  
4 4 1 --  
17.00 4 4 --  
2 28.00 4 --  
4 3 319.00 --  
4 5 1 --  
30.00 4 5 --  
2 23.00 4 --  
5 3 310.00 --  
4 6 1 --  
20.00 4 6 --  
2 25.00 4 --  
6 3 319.00 --  
4 7 1 --  
23.00 4 7 --  
2 22.00 4 --  
7 3 318.00 --  
4 8 1 --  
30.00 4 8 --  
2 25.00 4 --  
8 3 326.00 --  
4 9 1 --  
15.00 4 9 --  
2 28.00 4 --  
9 3 313.00 --  
4 10 1 --  
2 19.00 4 --  
10 3 322.00 --  
4 11 1 --  
2 18.00 4 --  
11 3 321.00 --  
4 12 1 --  
2 12.00 4 --  
12 3 328.00 --  
4 13 1 --  
2 25.00 4 --  
13 3 330.00 --  
4 14 1 --  
2 27.00 4 --  
14 3 315.00 --  
4 15 1 --  
2 19.00 4 --  
15 3 312.00 --  
4 16 1 --  
2 30.00 4 --  
16 3 325.00 --  
4 17 1 --  
2 22.00 4 --  
17 3 323.00 --  
4 18 1 --  
2 12.00 4 --  
18 3 319.00 --  
4 19 1 --  
2 17.00 4 --  
19 3 318.00 --  
4 20 1 --  
2 26.00 4 --  
20 3 312.00 --  
4 21 1 --  
2 21.00 4 --  
21 3 324.00 --  
4 22 1 --  
2 14.00 4 --  
22 3 310.00 --  
4 23 1 --  
2 19.00 4 --  
23 3 327.00 --  
4 24 1 --  
2 12.00 4 --  
24 3 326.00 --  
5 1 1 --  
23.00 5 1 --  
2 14.00 5 --  
1 3 327.00 --  
5 2 1 --  
27.00 5 2 --  
2 17.00 5 --  
2 3 328.00 --  
5 3 1 --  
21.00 5 3 --  
2 14.00 5 --  
3 3 313.00 --  
5 4 1 --  
15.00 5 4 --  
2 27.00 5 --  
4 3 318.00 --  
5 5 1 --  
23.00 5 5 --  
2 13.00 5 --  
5 3 315.00 --  
5 6 1 --  
17.00 5 6 --  
2 13.00 5 --  
6 3 325.00 --  
5 7 1 --  
12.00 5 7 --  
2 18.00 5 --  
7 3 327.00 --  
5 8 1 --  
15.00 5 8 --  
2 23.00 5 --  
8 3 314.00 --  
5 9 1 --  
20.00 5 9 --  
2 10.00 5 --  
9 3 328.00 --  
5 10 1 --  
2 24.00 5 --  
10 3 311.00 --  
5 11 1 --  
2 26.00 5 --  
11 3 323.00 --  
5 12 1 --  
2 26.00 5 --  
12 3 313.00 --  
5 13 1 --  
2 16.00 5 --  
13 3 329.00 --  
5 14 1 --  
2 24.00 5 --  
14 3 325.00 --  
5 15 1 --  
2 25.00 5 --  
15 3 313.00 --  
5 16 1 --  
2 19.00 5 --  
16 3 315.00 --  
5 17 1 --  
2 12.00 5 --  
17 3 327.00 --  
5 18 1 --  
2 24.00 5 --  
18 3 321.00 --  
5 19 1 --  
2 10.00 5 --  
19 3 325.00 --  
5 20 1 --  
2 20.00 5 --  
20 3 323.00 --  
5 21 1 --  
2 14.00 5 --  
21 3 318.00 --  
5 22 1 --  
2 27.00 5 --  
22 3 320.00 --  
5 23 1 --  
2 15.00 5 --  
23 3 329.00 --  
5 24 1 --  
2 30.00 5 --  
24 3 327.00 --  
6 1 1 --  
10.00 6 1 --  
2 10.00 6 --  
1 3 328.00 --  
6 2 1 --  
19.00 6 2 --  
2 11.00 6 --  
2 3 328.00 --  
6 3 1 --  
23.00 6 3 --  
2 20.00 6 --  
3 3 330.00 --  
6 4 1 --  
30.00 6 4 --  
2 23.00 6 --  
4 3 316.00 --  
6 5 1 --  
21.00 6 5 --  
2 12.00 6 --  
5 3 330.00 --  
6 6 1 --  
28.00 6 6 --  
2 28.00 6 --  
6 3 323.00 --  
6 7 1 --  
14.00 6 7 --  
2 24.00 6 --  
7 3 317.00 --  
6 8 1 --  
28.00 6 8 --  
2 10.00 6 --  
8 3 321.00 --  
6 9 1 --  
14.00 6 9 --  
2 23.00 6 --  
9 3 317.00 --  
6 10 1 --  
2 30.00 6 --  
10 3 326.00 --  
6 11 1 --  
2 29.00 6 --  
11 3 316.00 --  
6 12 1 --  
2 15.00 6 --  
12 3 329.00 --  
6 13 1 --  
2 14.00 6 --  
13 3 329.00 --  
6 14 1 --  
2 16.00 6 --  
14 3 328.00 --  
6 15 1 --  
2 22.00 6 --  
15 3 323.00 --  
6 16 1 --  
2 13.00 6 --  
16 3 320.00 --  
6 17 1 --  
2 22.00 6 --  
17 3 329.00 --  
6 18 1 --  
2 10.00 6 --  
18 3 329.00 --  
6 19 1 --  
2 21.00 6 --  
19 3 316.00 --  
6 20 1 --  
2 27.00 6 --  
20 3 323.00 --  
6 21 1 --  
2 20.00 6 --  
21 3 311.00 --  
6 22 1 --  
2 25.00 6 --  
22 3 315.00 --  
6 23 1 --  
2 20.00 6 --  
23 3 312.00 --  
6 24 1 --  
2 19.00 6 --  
24 3 319.00 --  
7 1 1 --  
13.00 7 1 --  
2 30.00 7 --  
1 3 318.00 --  
7 2 1 --  
12.00 7 2 --  
2 26.00 7 --  
2 3 313.00 --  
7 3 1 --  
20.00 7 3 --  
2 21.00 7 --  
3 3 330.00 --  
7 4 1 --  
19.00 7 4 --  
2 20.00 7 --  
4 3 330.00 --  
7 5 1 --  
26.00 7 5 --  
2 27.00 7 --  
5 3 310.00 --  
7 6 1 --  
13.00 7 6 --  
2 17.00 7 --  
6 3 327.00 --  
7 7 1 --  
10.00 7 7 --  
2 26.00 7 --  
7 3 312.00 --  
7 8 1 --  
21.00 7 8 --  
2 22.00 7 --  
8 3 319.00 --  
7 9 1 --  
22.00 7 9 --  
2 11.00 7 --  
9 3 327.00 --  
7 10 1 --  
2 12.00 7 --  
10 3 323.00 --  
7 11 1 --  
2 10.00 7 --  
11 3 326.00 --  
7 12 1 --  
2 14.00 7 --  
12 3 317.00 --  
7 13 1 --  
2 18.00 7 --  
13 3 324.00 --  
7 14 1 --  
2 19.00 7 --  
14 3 323.00 --  
7 15 1 --  
2 19.00 7 --  
15 3 319.00 --  
7 16 1 --  
2 24.00 7 --  
16 3 313.00 --  
7 17 1 --  
2 23.00 7 --  
17 3 326.00 --  
7 18 1 --  
2 23.00 7 --  
18 3 317.00 --  
7 19 1 --  
2 14.00 7 --  
19 3 327.00 --  
7 20 1 --  
2 18.00 7 --  
20 3 319.00 --  
7 21 1 --  
2 15.00 7 --  
21 3 316.00 --  
7 22 1 --  
2 29.00 7 --  
22 3 330.00 --  
7 23 1 --  
2 27.00 7 --  
23 3 313.00 --  
7 24 1 --  
2 16.00 7 --  
24 3 324.00 --  
8 1 1 --  
28.00 8 1 --  
2 15.00 8 --  
1 3 326.00 --  
8 2 1 --  
28.00 8 2 --  
2 17.00 8 --  
2 3 319.00 --  
8 3 1 --  
19.00 8 3 --  
2 24.00 8 --  
3 3 314.00 --  
8 4 1 --  
30.00 8 4 --  
2 21.00 8 --  
4 3 314.00 --  
8 5 1 --  
16.00 8 5 --  
2 18.00 8 --  
5 3 314.00 --  
8 6 1 --  
19.00 8 6 --  
2 12.00 8 --  
6 3 313.00 --  
8 7 1 --  
23.00 8 7 --  
2 30.00 8 --  
7 3 329.00 --  
8 8 1 --  
18.00 8 8 --  
2 28.00 8 --  
8 3 314.00 --  
8 9 1 --  
11.00 8 9 --  
2 25.00 8 --  
9 3 330.00 --  
8 10 1 --  
2 25.00 8 --  
10 3 316.00 --  
8 11 1 --  
2 27.00 8 --  
11 3 327.00 --  
8 12 1 --  
2 14.00 8 --  
12 3 311.00 --  
8 13 1 --  
2 17.00 8 --  
13 3 326.00 --  
8 14 1 --  
2 19.00 8 --  
14 3 322.00 --  
8 15 1 --  
2 18.00 8 --  
15 3 328.00 --  
8 16 1 --  
2 23.00 8 --  
16 3 321.00 --  
8 17 1 --  
2 20.00 8 --  
17 3 330.00 --  
8 18 1 --  
2 15.00 8 --  
18 3 325.00 --  
8 19 1 --  
2 13.00 8 --  
19 3 314.00 --  
8 20 1 --  
2 27.00 8 --  
20 3 313.00 --  
8 21 1 --  
2 19.00 8 --  
21 3 325.00 --  
8 22 1 --  
2 21.00 8 --  
22 3 327.00 --  
8 23 1 --  
2 23.00 8 --  
23 3 328.00 --  
8 24 1 --  
2 20.00 8 --  
24 3 318.00 --  
9 1 1 --  
18.00 9 1 --  
2 19.00 9 --  
1 3 324.00 --  
9 2 1 --  
19.00 9 2 --  
2 27.00 9 --  
2 3 314.00 --  
9 3 1 --  
20.00 9 3 --  
2 20.00 9 --  
3 3 318.00 --  
9 4 1 --  
27.00 9 4 --  
2 28.00 9 --  
4 3 320.00 --  
9 5 1 --  
29.00 9 5 --  
2 16.00 9 --  
5 3 329.00 --  
9 6 1 --  
12.00 9 6 --  
2 18.00 9 --  
6 3 327.00 --  
9 7 1 --  
20.00 9 7 --  
2 19.00 9 --  
7 3 319.00 --  
9 8 1 --  
30.00 9 8 --  
2 16.00 9 --  
8 3 312.00 --  
9 9 1 --  
10.00 9 9 --  
2 14.00 9 --  
9 3 325.00 --  
9 10 1 --  
2 10.00 9 --  
10 3 319.00 --  
9 11 1 --  
2 14.00 9 --  
11 3 315.00 --  
9 12 1 --  
2 27.00 9 --  
12 3 317.00 --  
9 13 1 --  
2 13.00 9 --  
13 3 326.00 --  
9 14 1 --  
2 18.00 9 --  
14 3 311.00 --  
9 15 1 --  
2 24.00 9 --  
15 3 314.00 --  
9 16 1 --  
2 14.00 9 --  
16 3 321.00 --  
9 17 1 --  
2 23.00 9 --  
17 3 321.00 --  
9 18 1 --  
2 30.00 9 --  
18 3 322.00 --  
9 19 1 --  
2 23.00 9 --  
19 3 323.00 --  
9 20 1 --  
2 29.00 9 --  
20 3 314.00 --  
9 21 1 --  
2 11.00 9 --  
21 3 314.00 --  
9 22 1 --  
2 21.00 9 --  
22 3 314.00 --  
9 23 1 --  
2 18.00 9 --  
23 3 328.00 --  
9 24 1 --  
2 25.00 9 --  
24 3 318.00 --  
10 1 1 --  
19.00 10 1 --  
1 3 322.00 --  
10 2 1 --  
12.00 10 2 --  
2 3 315.00 --  
10 3 1 --  
30.00 10 3 --  
3 3 311.00 --  
10 4 1 --  
21.00 10 4 --  
4 3 324.00 --  
10 5 1 --  
20.00 10 5 --  
5 3 322.00 --  
10 6 1 --  
22.00 10 6 --  
6 3 322.00 --  
10 7 1 --  
22.00 10 7 --  
7 3 321.00 --  
10 8 1 --  
19.00 10 8 --  
8 3 312.00 --  
10 9 1 --  
30.00 10 9 --  
9 3 320.00 --  
10 10 1 --  
10 3 328.00 --  
10 11 1 --  
11 3 313.00 --  
10 12 1 --  
12 3 317.00 --  
10 13 1 --  
13 3 327.00 --  
10 14 1 --  
14 3 320.00 --  
10 15 1 --  
15 3 326.00 --  
10 16 1 --  
16 3 310.00 --  
10 17 1 --  
17 3 321.00 --  
10 18 1 --  
18 3 322.00 --  
10 19 1 --  
19 3 316.00 --  
10 20 1 --  
20 3 330.00 --  
10 21 1 --  
21 3 327.00 --  
10 22 1 --  
22 3 310.00 --  
10 23 1 --  
23 3 311.00 --  
10 24 1 --  
24 3 310.00 --  
11 1 1 --  
20.00 11 1 --  
1 3 328.00 --  
11 2 1 --  
15.00 11 2 --  
2 3 326.00 --  
11 3 1 --  
24.00 11 3 --  
3 3 317.00 --  
11 4 1 --  
23.00 11 4 --  
4 3 319.00 --  
11 5 1 --  
30.00 11 5 --  
5 3 321.00 --  
11 6 1 --  
23.00 11 6 --  
6 3 321.00 --  
11 7 1 --  
10.00 11 7 --  
7 3 316.00 --  
11 8 1 --  
21.00 11 8 --  
8 3 321.00 --  
11 9 1 --  
20.00 11 9 --  
9 3 322.00 --  
11 10 1 --  
10 3 316.00 --  
11 11 1 --  
11 3 328.00 --  
11 12 1 --  
12 3 326.00 --  
11 13 1 --  
13 3 328.00 --  
11 14 1 --  
14 3 318.00 --  
11 15 1 --  
15 3 330.00 --  
11 16 1 --  
16 3 327.00 --  
11 17 1 --  
17 3 317.00 --  
11 18 1 --  
18 3 326.00 --  
11 19 1 --  
19 3 329.00 --  
11 20 1 --  
20 3 325.00 --  
11 21 1 --  
21 3 325.00 --  
11 22 1 --  
22 3 316.00 --  
11 23 1 --  
23 3 327.00 --  
11 24 1 --  
24 3 328.00 --  
12 1 1 --  
17.00 12 1 --  
1 3 319.00 --  
12 2 1 --  
21.00 12 2 --  
2 3 322.00 --  
12 3 1 --  
23.00 12 3 --  
3 3 326.00 --  
12 4 1 --  
19.00 12 4 --  
4 3 319.00 --  
12 5 1 --  
12.00 12 5 --  
5 3 322.00 --  
12 6 1 --  
22.00 12 6 --  
6 3 328.00 --  
12 7 1 --  
25.00 12 7 --  
7 3 312.00 --  
12 8 1 --  
23.00 12 8 --  
8 3 328.00 --  
12 9 1 --  
15.00 12 9 --  
9 3 329.00 --  
12 10 1 --  
10 3 325.00 --  
12 11 1 --  
11 3 319.00 --  
12 12 1 --  
12 3 319.00 --  
12 13 1 --  
13 3 325.00 --  
12 14 1 --  
14 3 329.00 --  
12 15 1 --  
15 3 319.00 --  
12 16 1 --  
16 3 323.00 --  
12 17 1 --  
17 3 322.00 --  
12 18 1 --  
18 3 324.00 --  
12 19 1 --  
19 3 317.00 --  
12 20 1 --  
20 3 318.00 --  
12 21 1 --  
21 3 315.00 --  
12 22 1 --  
22 3 310.00 --  
12 23 1 --  
23 3 327.00 --  
12 24 1 --  
24 3 317.00 --  
13 1 1 --  
20.00 13 1 --  
1 3 328.00 --  
13 2 1 --  
14.00 13 2 --  
2 3 310.00 --  
13 3 1 --  
27.00 13 3 --  
3 3 312.00 --  
13 4 1 --  
17.00 13 4 --  
4 3 311.00 --  
13 5 1 --  
18.00 13 5 --  
5 3 315.00 --  
13 6 1 --  
22.00 13 6 --  
6 3 327.00 --  
13 7 1 --  
20.00 13 7 --  
7 3 326.00 --  
13 8 1 --  
20.00 13 8 --  
8 3 315.00 --  
13 9 1 --  
23.00 13 9 --  
9 3 316.00 --  
13 10 1 --  
10 3 324.00 --  
13 11 1 --  
11 3 329.00 --  
13 12 1 --  
12 3 321.00 --  
13 13 1 --  
13 3 328.00 --  
13 14 1 --  
14 3 314.00 --  
13 15 1 --  
15 3 311.00 --  
13 16 1 --  
16 3 312.00 --  
13 17 1 --  
17 3 311.00 --  
13 18 1 --  
18 3 317.00 --  
13 19 1 --  
19 3 318.00 --  
13 20 1 --  
20 3 325.00 --  
13 21 1 --  
21 3 314.00 --  
13 22 1 --  
22 3 323.00 --  
13 23 1 --  
23 3 330.00 --  
13 24 1 --  
24 3 330.00 --  
14 1 1 --  
24.00 14 1 --  
1 3 319.00 --  
14 2 1 --  
28.00 14 2 --  
2 3 318.00 --  
14 3 1 --  
14.00 14 3 --  
3 3 328.00 --  
14 4 1 --  
24.00 14 4 --  
4 3 313.00 --  
14 5 1 --  
16.00 14 5 --  
5 3 316.00 --  
14 6 1 --  
19.00 14 6 --  
6 3 327.00 --  
14 7 1 --  
18.00 14 7 --  
7 3 326.00 --  
14 8 1 --  
26.00 14 8 --  
8 3 329.00 --  
14 9 1 --  
24.00 14 9 --  
9 3 329.00 --  
14 10 1 --  
10 3 314.00 --  
14 11 1 --  
11 3 311.00 --  
14 12 1 --  
12 3 323.00 --  
14 13 1 --  
13 3 314.00 --  
14 14 1 --  
14 3 316.00 --  
14 15 1 --  
15 3 324.00 --  
14 16 1 --  
16 3 310.00 --  
14 17 1 --  
17 3 326.00 --  
14 18 1 --  
18 3 315.00 --  
14 19 1 --  
19 3 329.00 --  
14 20 1 --  
20 3 330.00 --  
14 21 1 --  
21 3 317.00 --  
14 22 1 --  
22 3 317.00 --  
14 23 1 --  
23 3 315.00 --  
14 24 1 --  
24 3 322.00 --  
15 1 1 --  
24.00 15 1 --  
1 3 311.00 --  
15 2 1 --  
17.00 15 2 --  
2 3 324.00 --  
15 3 1 --  
22.00 15 3 --  
3 3 323.00 --  
15 4 1 --  
19.00 15 4 --  
4 3 321.00 --  
15 5 1 --  
21.00 15 5 --  
5 3 326.00 --  
15 6 1 --  
27.00 15 6 --  
6 3 330.00 --  
15 7 1 --  
24.00 15 7 --  
7 3 313.00 --  
15 8 1 --  
11.00 15 8 --  
8 3 318.00 --  
15 9 1 --  
19.00 15 9 --  
9 3 330.00 --  
15 10 1 --  
10 3 314.00 --  
15 11 1 --  
11 3 311.00 --  
15 12 1 --  
12 3 330.00 --  
15 13 1 --  
13 3 318.00 --  
15 14 1 --  
14 3 313.00 --  
15 15 1 --  
15 3 328.00 --  
15 16 1 --  
16 3 320.00 --  
15 17 1 --  
17 3 311.00 --  
15 18 1 --  
18 3 328.00 --  
15 19 1 --  
19 3 316.00 --  
15 20 1 --  
20 3 325.00 --  
15 21 1 --  
21 3 322.00 --  
15 22 1 --  
22 3 319.00 --  
15 23 1 --  
23 3 312.00 --  
15 24 1 --  
24 3 317.00 --  
16 1 1 --  
12.00 16 1 --  
1 3 311.00 --  
16 2 1 --  
14.00 16 2 --  
2 3 327.00 --  
16 3 1 --  
20.00 16 3 --  
3 3 312.00 --  
16 4 1 --  
19.00 16 4 --  
4 3 317.00 --  
16 5 1 --  
23.00 16 5 --  
5 3 312.00 --  
16 6 1 --  
20.00 16 6 --  
6 3 316.00 --  
16 7 1 --  
11.00 16 7 --  
7 3 326.00 --  
16 8 1 --  
11.00 16 8 --  
8 3 310.00 --  
16 9 1 --  
15.00 16 9 --  
9 3 325.00 --  
16 10 1 --  
10 3 319.00 --  
16 11 1 --  
11 3 326.00 --  
16 12 1 --  
12 3 312.00 --  
16 13 1 --  
13 3 327.00 --  
16 14 1 --  
14 3 317.00 --  
16 15 1 --  
15 3 324.00 --  
16 16 1 --  
16 3 316.00 --  
16 17 1 --  
17 3 317.00 --  
16 18 1 --  
18 3 318.00 --  
16 19 1 --  
19 3 313.00 --  
16 20 1 --  
20 3 313.00 --  
16 21 1 --  
21 3 321.00 --  
16 22 1 --  
22 3 327.00 --  
16 23 1 --  
23 3 321.00 --  
16 24 1 --  
24 3 326.00 --  
17 1 1 --  
19.00 17 1 --  
1 3 330.00 --  
17 2 1 --  
30.00 17 2 --  
2 3 313.00 --  
17 3 1 --  
15.00 17 3 --  
3 3 328.00 --  
17 4 1 --  
18.00 17 4 --  
4 3 315.00 --  
17 5 1 --  
14.00 17 5 --  
5 3 324.00 --  
17 6 1 --  
29.00 17 6 --  
6 3 311.00 --  
17 7 1 --  
25.00 17 7 --  
7 3 330.00 --  
17 8 1 --  
22.00 17 8 --  
8 3 319.00 --  
17 9 1 --  
23.00 17 9 --  
9 3 325.00 --  
17 10 1 --  
10 3 327.00 --  
17 11 1 --  
11 3 321.00 --  
17 12 1 --  
12 3 322.00 --  
17 13 1 --  
13 3 324.00 --  
17 14 1 --  
14 3 324.00 --  
17 15 1 --  
15 3 325.00 --  
17 16 1 --  
16 3 316.00 --  
17 17 1 --  
17 3 325.00 --  
17 18 1 --  
18 3 330.00 --  
17 19 1 --  
19 3 326.00 --  
17 20 1 --  
20 3 318.00 --  
17 21 1 --  
21 3 328.00 --  
17 22 1 --  
22 3 322.00 --  
17 23 1 --  
23 3 320.00 --  
17 24 1 --  
24 3 318.00 --  
18 1 1 --  
10.00 18 1 --  
1 3 325.00 --  
18 2 1 --  
10.00 18 2 --  
2 3 318.00 --  
18 3 1 --  
23.00 18 3 --  
3 3 318.00 --  
18 4 1 --  
27.00 18 4 --  
4 3 317.00 --  
18 5 1 --  
28.00 18 5 --  
5 3 327.00 --  
18 6 1 --  
20.00 18 6 --  
6 3 325.00 --  
18 7 1 --  
16.00 18 7 --  
7 3 317.00 --  
18 8 1 --  
10.00 18 8 --  
8 3 327.00 --  
18 9 1 --  
17.00 18 9 --  
9 3 316.00 --  
18 10 1 --  
10 3 330.00 --  
18 11 1 --  
11 3 314.00 --  
18 12 1 --  
12 3 316.00 --  
18 13 1 --  
13 3 311.00 --  
18 14 1 --  
14 3 316.00 --  
18 15 1 --  
15 3 329.00 --  
18 16 1 --  
16 3 316.00 --  
18 17 1 --  
17 3 324.00 --  
18 18 1 --  
18 3 323.00 --  
18 19 1 --  
19 3 329.00 --  
18 20 1 --  
20 3 311.00 --  
18 21 1 --  
21 3 327.00 --  
18 22 1 --  
22 3 318.00 --  
18 23 1 --  
23 3 325.00 --  
18 24 1 --  
24 3 315.00 --  
19 1 1 --  
23.00 19 1 --  
1 3 312.00 --  
19 2 1 --  
22.00 19 2 --  
2 3 325.00 --  
19 3 1 --  
22.00 19 3 --  
3 3 323.00 --  
19 4 1 --  
23.00 19 4 --  
4 3 310.00 --  
19 5 1 --  
20.00 19 5 --  
5 3 328.00 --  
19 6 1 --  
26.00 19 6 --  
6 3 310.00 --  
19 7 1 --  
22.00 19 7 --  
7 3 315.00 --  
19 8 1 --  
11.00 19 8 --  
8 3 313.00 --  
19 9 1 --  
12.00 19 9 --  
9 3 320.00 --  
19 10 1 --  
10 3 312.00 --  
19 11 1 --  
11 3 314.00 --  
19 12 1 --  
12 3 315.00 --  
19 13 1 --  
13 3 314.00 --  
19 14 1 --  
14 3 327.00 --  
19 15 1 --  
15 3 319.00 --  
19 16 1 --  
16 3 326.00 --  
19 17 1 --  
17 3 320.00 --  
19 18 1 --  
18 3 327.00 --  
19 19 1 --  
19 3 326.00 --  
19 20 1 --  
20 3 326.00 --  
19 21 1 --  
21 3 319.00 --  
19 22 1 --  
22 3 329.00 --  
19 23 1 --  
23 3 310.00 --  
19 24 1 --  
24 3 319.00 --  
20 1 1 --  
21.00 20 1 --  
1 3 324.00 --  
20 2 1 --  
18.00 20 2 --  
2 3 318.00 --  
20 3 1 --  
24.00 20 3 --  
3 3 317.00 --  
20 4 1 --  
26.00 20 4 --  
4 3 310.00 --  
20 5 1 --  
23.00 20 5 --  
5 3 319.00 --  
20 6 1 --  
19.00 20 6 --  
6 3 327.00 --  
20 7 1 --  
16.00 20 7 --  
7 3 315.00 --  
20 8 1 --  
14.00 20 8 --  
8 3 323.00 --  
20 9 1 --  
23.00 20 9 --  
9 3 321.00 --  
20 10 1 --  
10 3 323.00 --  
20 11 1 --  
11 3 324.00 --  
20 12 1 --  
12 3 321.00 --  
20 13 1 --  
13 3 313.00 --  
20 14 1 --  
14 3 314.00 --  
20 15 1 --  
15 3 321.00 --  
20 16 1 --  
16 3 319.00 --  
20 17 1 --  
17 3 317.00 --  
20 18 1 --  
18 3 310.00 --  
20 19 1 --  
19 3 314.00 --  
20 20 1 --  
20 3 312.00 --  
20 21 1 --  
21 3 330.00 --  
20 22 1 --  
22 3 329.00 --  
20 23 1 --  
23 3 313.00 --  
20 24 1 --  
24 3 323.00 --  
21 1 1 --  
30.00 21 1 --  
1 3 329.00 --  
21 2 1 --  
12.00 21 2 --  
2 3 319.00 --  
21 3 1 --  
27.00 21 3 --  
3 3 315.00 --  
21 4 1 --  
28.00 21 4 --  
4 3 325.00 --  
21 5 1 --  
22.00 21 5 --  
5 3 328.00 --  
21 6 1 --  
10.00 21 6 --  
6 3 327.00 --  
21 7 1 --  
24.00 21 7 --  
7 3 330.00 --  
21 8 1 --  
21.00 21 8 --  
8 3 320.00 --  
21 9 1 --  
21.00 21 9 --  
9 3 314.00 --  
21 10 1 --  
10 3 310.00 --  
21 11 1 --  
11 3 312.00 --  
21 12 1 --  
12 3 321.00 --  
21 13 1 --  
13 3 328.00 --  
21 14 1 --  
14 3 327.00 --  
21 15 1 --  
15 3 316.00 --  
21 16 1 --  
16 3 310.00 --  
21 17 1 --  
17 3 319.00 --  
21 18 1 --  
18 3 330.00 --  
21 19 1 --  
19 3 318.00 --  
21 20 1 --  
20 3 322.00 --  
21 21 1 --  
21 3 318.00 --  
21 22 1 --  
22 3 319.00 --  
21 23 1 --  
23 3 324.00 --  
21 24 1 --  
24 3 319.00 --  
22 1 1 --  
14.00 22 1 --  
1 3 318.00 --  
22 2 1 --  
26.00 22 2 --  
2 3 327.00 --  
22 3 1 --  
18.00 22 3 --  
3 3 316.00 --  
22 4 1 --  
14.00 22 4 --  
4 3 314.00 --  
22 5 1 --  
30.00 22 5 --  
5 3 318.00 --  
22 6 1 --  
15.00 22 6 --  
6 3 328.00 --  
22 7 1 --  
20.00 22 7 --  
7 3 326.00 --  
22 8 1 --  
24.00 22 8 --  
8 3 329.00 --  
22 9 1 --  
16.00 22 9 --  
9 3 330.00 --  
22 10 1 --  
10 3 316.00 --  
22 11 1 --  
11 3 318.00 --  
22 12 1 --  
12 3 329.00 --  
22 13 1 --  
13 3 322.00 --  
22 14 1 --  
14 3 316.00 --  
22 15 1 --  
15 3 328.00 --  
22 16 1 --  
16 3 330.00 --  
22 17 1 --  
17 3 317.00 --  
22 18 1 --  
18 3 318.00 --  
22 19 1 --  
19 3 329.00 --  
22 20 1 --  
20 3 315.00 --  
22 21 1 --  
21 3 313.00 --  
22 22 1 --  
22 3 313.00 --  
22 23 1 --  
23 3 323.00 --  
22 24 1 --  
24 3 328.00 --  
23 1 1 --  
17.00 23 1 --  
1 3 324.00 --  
23 2 1 --  
19.00 23 2 --  
2 3 313.00 --  
23 3 1 --  
19.00 23 3 --  
3 3 323.00 --  
23 4 1 --  
29.00 23 4 --  
4 3 319.00 --  
23 5 1 --  
13.00 23 5 --  
5 3 314.00 --  
23 6 1 --  
18.00 23 6 --  
6 3 325.00 --  
23 7 1 --  
19.00 23 7 --  
7 3 310.00 --  
23 8 1 --  
26.00 23 8 --  
8 3 330.00 --  
23 9 1 --  
21.00 23 9 --  
9 3 312.00 --  
23 10 1 --  
10 3 316.00 --  
23 11 1 --  
11 3 322.00 --  
23 12 1 --  
12 3 310.00 --  
23 13 1 --  
13 3 317.00 --  
23 14 1 --  
14 3 315.00 --  
23 15 1 --  
15 3 310.00 --  
23 16 1 --  
16 3 310.00 --  
23 17 1 --  
17 3 322.00 --  
23 18 1 --  
18 3 329.00 --  
23 19 1 --  
19 3 315.00 --  
23 20 1 --  
20 3 329.00 --  
23 21 1 --  
21 3 314.00 --  
23 22 1 --  
22 3 321.00 --  
23 23 1 --  
23 3 330.00 --  
23 24 1 --  
24 3 315.00 --  
24 1 1 --  
14.00 24 1 --  
1 3 313.00 --  
24 2 1 --  
17.00 24 2 --  
2 3 318.00 --  
24 3 1 --  
16.00 24 3 --  
3 3 313.00 --  
24 4 1 --  
16.00 24 4 --  
4 3 320.00 --  
24 5 1 --  
28.00 24 5 --  
5 3 314.00 --  
24 6 1 --  
27.00 24 6 --  
6 3 323.00 --  
24 7 1 --  
13.00 24 7 --  
7 3 328.00 --  
24 8 1 --  
22.00 24 8 --  
8 3 312.00 --  
24 9 1 --  
23.00 24 9 --  
9 3 322.00 --  
24 10 1 --  
10 3 312.00 --  
24 11 1 --  
11 3 315.00 --  
24 12 1 --  
12 3 327.00 --  
24 13 1 --  
13 3 326.00 --  
24 14 1 --  
14 3 320.00 --  
24 15 1 --  
15 3 312.00 --  
24 16 1 --  
16 3 329.00 --  
24 17 1 --  
17 3 311.00 --  
24 18 1 --  
18 3 311.00 --  
24 19 1 --  
19 3 317.00 --  
24 20 1 --  
20 3 313.00 --  
24 21 1 --  
21 3 310.00 --  
24 22 1 --  
22 3 312.00 --  
24 23 1 --  
23 3 316.00 --  
24 24 1 --  
24 3 319.00 --  
25 1 1 --  
11.00 25 1 --  
1 3 312.00 --  
25 2 1 --  
30.00 25 2 --  
2 3 329.00 --  
25 3 1 --  
11.00 25 3 --  
3 3 317.00 --  
25 4 1 --  
20.00 25 4 --  
4 3 311.00 --  
25 5 1 --  
14.00 25 5 --  
5 3 329.00 --  
25 6 1 --  
17.00 25 6 --  
6 3 330.00 --  
25 7 1 --  
13.00 25 7 --  
7 3 311.00 --  
25 8 1 --  
15.00 25 8 --  
8 3 327.00 --  
25 9 1 --  
10.00 25 9 --  
9 3 311.00 --  
25 10 1 --  
10 3 316.00 --  
25 11 1 --  
11 3 321.00 --  
25 12 1 --  
12 3 322.00 --  
25 13 1 --  
13 3 328.00 --  
25 14 1 --  
14 3 321.00 --  
25 15 1 --  
15 3 321.00 --  
25 16 1 --  
16 3 322.00 --  
25 17 1 --  
17 3 320.00 --  
25 18 1 --  
18 3 310.00 --  
25 19 1 --  
19 3 320.00 --  
25 20 1 --  
20 3 317.00 --  
25 21 1 --  
21 3 327.00 --  
25 22 1 --  
22 3 326.00 --  
25 23 1 --  
23 3 322.00 --  
25 24 1 --  
24 3 319.00 --  
26 1 1 --  
16.00 26 1 --  
1 3 329.00 --  
26 2 1 --  
29.00 26 2 --  
2 3 316.00 --  
26 3 1 --  
22.00 26 3 --  
3 3 312.00 --  
26 4 1 --  
27.00 26 4 --  
4 3 325.00 --  
26 5 1 --  
15.00 26 5 --  
5 3 317.00 --  
26 6 1 --  
29.00 26 6 --  
6 3 314.00 --  
26 7 1 --  
19.00 26 7 --  
7 3 311.00 --  
26 8 1 --  
11.00 26 8 --  
8 3 327.00 --  
26 9 1 --  
26.00 26 9 --  
9 3 310.00 --  
26 10 1 --  
10 3 325.00 --  
26 11 1 --  
11 3 327.00 --  
26 12 1 --  
12 3 323.00 --